# name: h1
# type: matrix
# rows: 1500
# columns: 10
 0.0 22.25792 0.0 0.0 0.0 0.0 04 34 19 106
 0.0 22.25792 0.0 0.0 0.0 0.0 04 34 19 232
 0.0 22.25792 0.0 0.0 0.0 0.0 04 34 19 374
 0.0 22.25792 0.0 0.0 0.0 0.0 04 34 19 497
 0.0 22.25792 0.0 0.0 0.0 0.0 04 34 19 620
 0.0 22.25792 0.0 0.0 0.0 0.0 04 34 19 744
 0.0 22.25792 0.0 0.0 0.0 0.0 04 34 19 867
 0.0 22.25792 0.0 0.0 0.0 0.0 04 34 19 991
 0.0 22.25792 0.0 0.0 0.0 0.0 04 34 20 117
 0.0 22.25792 0.0 0.0 0.0 0.0 04 34 20 258
 0.0 22.25792 0.0 0.0 0.0 0.0 04 34 20 382
 0.0 22.25792 0.0 0.0 0.0 0.0 04 34 20 505
 0.0 22.25792 0.0 0.0 0.0 0.0 04 34 20 628
 0.0 22.25792 0.0 0.0 0.0 0.0 04 34 20 751
 0.0 22.25792 0.0 0.0 0.0 0.0 04 34 20 895
 0.0 22.25792 0.0 0.0 0.0 0.0 04 34 21 021
 0.0 22.25792 0.0 0.0 0.0 0.0 04 34 21 163
 0.0 22.25792 0.0 0.0 0.0 0.0 04 34 21 286
 0.0 22.25792 0.0 0.0 0.0 0.0 04 34 21 409
 0.0 22.25792 0.0 0.0 0.0 0.0 04 34 21 533
 0.0 22.25792 0.0 0.0 0.0 0.0 04 34 21 656
 0.0 22.25792 0.0 0.0 0.0 0.0 04 34 21 779
 0.0 22.25792 0.0 0.0 0.0 0.0 04 34 21 903
 0.0 22.25792 0.0 0.0 0.0 0.0 04 34 22 026
 0.0 22.25792 0.0 0.0 0.0 0.0 04 34 22 150
 0.0 22.25792 0.0 0.0 0.0 0.0 04 34 22 293
 0.0 22.25792 0.0 0.0 0.0 0.0 04 34 22 417
 0.0 22.25792 0.0 0.0 0.0 0.0 04 34 22 540
 0.0 22.25792 0.0 0.0 0.0 0.0 04 34 22 664
 0.0 22.25792 0.0 0.0 0.0 0.0 04 34 22 807
 0.0 22.25792 0.0 0.0 0.0 0.0 04 34 22 931
 0.0 22.25792 0.0 0.0 0.0 0.0 04 34 23 054
 0.0 22.25792 0.0 0.0 0.0 0.0 04 34 23 178
 0.0 22.25792 0.0 0.0 0.0 0.0 04 34 23 321
 0.0 22.25792 0.0 0.0 0.0 0.0 04 34 23 445
 0.0 22.25792 0.0 0.0 0.0 0.0 04 34 23 568
 0.0 22.25792 0.0 0.0 0.0 0.0 04 34 23 691
 0.0 22.25792 0.0 0.0 0.0 0.0 04 34 23 815
 0.0 22.25792 0.0 0.0 0.0 0.0 04 34 23 938
 0.0 22.25792 0.0 0.0 0.0 0.0 04 34 24 061
 0.0 22.25792 0.0 0.0 0.0 0.0 04 34 24 187
 0.0 22.25792 0.0 0.0 0.0 0.0 04 34 24 328
 0.0 22.25792 0.0 0.0 0.0 0.0 04 34 24 452
 0.0 22.25792 0.0 0.0 0.0 0.0 04 34 24 575
 0.0 22.25792 0.0 0.0 0.0 0.0 04 34 24 702
 0.0 22.25792 0.0 0.0 0.0 0.0 04 34 24 842
 0.0 22.25792 0.0 0.0 0.0 0.0 04 34 24 966
 0.0 22.25792 0.0 0.0 0.0 0.0 04 34 25 089
 0.0 22.25792 0.0 0.0 0.0 0.0 04 34 25 212
 0.0 22.25792 0.0 0.0 0.0 0.0 04 34 25 336
 0.0 22.25792 0.0 0.0 0.0 0.0 04 34 25 479
 0.0 22.25792 0.0 0.0 0.0 0.0 04 34 25 603
 0.0 22.25792 0.0 0.0 0.0 0.0 04 34 25 726
 0.0 22.25792 0.0 0.0 0.0 0.0 04 34 25 850
 0.0 22.25792 0.0 0.0 0.0 0.0 04 34 25 973
 0.0 22.25792 0.0 0.0 0.0 0.0 04 34 26 096
 0.0 22.25792 0.0 0.0 0.0 0.0 04 34 26 222
 0.0 22.25792 0.0 0.0 0.0 0.0 04 34 26 364
 0.0 22.25792 0.0 0.0 0.0 0.0 04 34 26 487
 0.0 22.25792 0.0 0.0 0.0 0.0 04 34 26 611
 0.0 22.25792 0.0 0.0 0.0 0.0 04 34 26 734
 0.0 22.25792 0.0 0.0 0.0 0.0 04 34 26 857
 0.0 22.25792 0.0 0.0 0.0 0.0 04 34 26 981
 0.0 22.25792 0.0 0.0 0.0 0.0 04 34 27 104
 0.0 22.25792 0.0 0.0 0.0 0.0 04 34 27 227
 0.0 22.25792 0.0 0.0 0.0 0.0 04 34 27 351
 0.0 22.25792 0.0 0.0 0.0 0.0 04 34 27 494
 0.0 22.25792 0.0 0.0 0.0 0.0 04 34 27 618
 0.0 22.25792 0.0 0.0 0.0 0.0 04 34 27 742
 0.0 22.25792 0.0 0.0 0.0 0.0 04 34 27 865
 0.0 22.25792 0.0 0.0 0.0 0.0 04 34 27 988
 0.0 22.25792 0.0 0.0 0.0 0.0 04 34 28 112
 0.0 22.25792 0.0 0.0 0.0 0.0 04 34 28 255
 0.0 22.25792 0.0 0.0 0.0 0.0 04 34 28 379
 0.0 21.93534 0.0 0.0 0.0 0.0 04 34 28 502
 0.0 22.25792 0.0 0.0 0.0 0.0 04 34 28 625
 0.0 22.25792 0.0 0.0 0.0 0.0 04 34 28 749
 9.28644 22.25792 0.0 0.0 0.0 0.0 04 34 28 874
 18.08412 22.25792 0.0 0.0 0.0 0.0 04 34 29 004
 26.8818 22.25792 0.0 0.0 0.0 0.0 04 34 29 135
 35.874985 22.25792 0.0 0.0 0.0 0.0 04 34 29 266
 42.03336 22.25792 0.0 0.0 0.0 0.0 04 34 29 396
 45.356926 22.25792 0.0 0.0 0.0 0.0 04 34 29 527
 47.01871 22.25792 0.0 0.0 0.0 0.0 04 34 29 658
 47.311966 22.25792 0.0 0.0 0.0 0.0 04 34 29 788
 47.214214 22.25792 0.0 0.0 0.0 0.0 04 34 29 919
 47.214214 22.25792 0.0 0.0 0.0 0.0 04 34 30 049
 47.311966 22.25792 0.0 0.0 0.0 0.0 04 34 30 180
 47.99623 22.25792 0.0 0.0 0.0 0.0 04 34 30 311
 47.99623 22.25792 0.0 0.0 0.0 0.0 04 34 30 441
 47.99623 22.25792 0.0 0.0 0.0 0.0 04 34 30 572
 47.89848 22.25792 0.0 0.0 0.0 0.0 04 34 30 703
 47.89848 22.25792 0.0 0.0 0.0 0.0 04 34 30 833
 47.99623 22.25792 0.0 0.0 0.0 0.0 04 34 30 964
 47.89848 22.25792 0.0 0.0 0.0 0.0 04 34 31 095
 47.800728 22.25792 0.0 0.0 0.0 0.0 04 34 31 225
 47.800728 22.25792 0.0 0.0 0.0 0.0 04 34 31 356
 47.89848 22.25792 0.0 0.0 0.0 0.0 04 34 31 487
 47.800728 22.25792 0.0 0.0 0.0 0.0 04 34 31 617
 47.89848 22.25792 0.0 0.0 0.0 0.0 04 34 31 748
 47.89848 22.580505 0.0 0.0 0.0 0.0 04 34 31 879
 47.89848 22.25792 0.0 0.0 0.0 0.0 04 34 32 009
 47.89848 22.25792 0.0 0.0 0.0 0.0 04 34 32 140
 47.89848 22.25792 0.0 0.0 0.0 0.0 04 34 32 271
 47.800728 22.580505 0.0 0.0 0.0 0.0 04 34 32 401
 47.89848 22.25792 0.0 0.0 0.0 0.0 04 34 32 532
 47.89848 22.580505 0.0 0.0 0.0 0.0 04 34 32 663
 47.800728 22.580505 0.0 0.0 0.0 0.0 04 34 32 793
 47.800728 22.580505 0.0 0.0 0.0 0.0 04 34 32 924
 47.800728 22.580505 0.0 0.0 0.0 0.0 04 34 33 054
 47.800728 22.580505 0.0 0.0 0.0 0.0 04 34 33 185
 47.800728 22.580505 0.0 0.0 0.0 0.0 04 34 33 316
 47.800728 22.580505 0.0 0.0 0.0 0.0 04 34 33 446
 47.800728 22.580505 0.0 0.0 0.0 0.0 04 34 33 577
 47.800728 22.580505 0.0 0.0 0.0 0.0 04 34 33 708
 47.800728 22.580505 0.0 0.0 0.0 0.0 04 34 33 838
 47.800728 22.580505 0.0 0.0 0.0 0.0 04 34 33 969
 47.800728 22.580505 0.0 0.0 0.0 0.0 04 34 34 100
 47.800728 22.580505 0.0 0.0 0.0 0.0 04 34 34 230
 47.800728 22.580505 0.0 0.0 0.0 0.0 04 34 34 361
 47.800728 22.580505 0.0 0.0 0.0 0.0 04 34 34 492
 47.800728 22.580505 0.0 0.0 0.0 0.0 04 34 34 622
 47.800728 22.580505 0.0 0.0 0.0 0.0 04 34 34 753
 47.800728 22.580505 0.0 0.0 0.0 0.0 04 34 34 883
 47.800728 22.580505 0.0 0.0 0.0 0.0 04 34 35 014
 47.800728 22.580505 0.0 0.0 0.0 0.0 04 34 35 145
 47.800728 22.580505 0.0 0.0 0.0 0.0 04 34 35 275
 47.800728 22.580505 0.0 0.0 0.0 0.0 04 34 35 406
 47.800728 22.580505 0.0 0.0 0.0 0.0 04 34 35 537
 47.800728 22.580505 0.0 0.0 0.0 0.0 04 34 35 668
 47.800728 22.580505 0.0 0.0 0.0 0.0 04 34 35 798
 47.800728 22.580505 0.0 0.0 0.0 0.0 04 34 35 929
 47.89848 22.580505 0.0 0.0 0.0 0.0 04 34 36 060
 47.800728 22.580505 0.0 0.0 0.0 0.0 04 34 36 190
 47.800728 22.580505 0.0 0.0 0.0 0.0 04 34 36 321
 47.800728 22.903084 0.0 0.0 0.0 0.0 04 34 36 452
 47.800728 22.580505 0.0 0.0 0.0 0.0 04 34 36 582
 47.800728 22.580505 0.0 0.0 0.0 0.0 04 34 36 713
 47.800728 22.580505 0.0 0.0 0.0 0.0 04 34 36 844
 47.800728 22.580505 0.0 0.0 0.0 0.0 04 34 36 974
 47.800728 22.580505 0.0 0.0 0.0 0.0 04 34 37 105
 47.800728 22.580505 0.0 0.0 0.0 0.0 04 34 37 236
 47.800728 22.580505 0.0 0.0 0.0 0.0 04 34 37 366
 47.800728 22.580505 0.0 0.0 0.0 0.0 04 34 37 497
 47.800728 22.580505 0.0 0.0 0.0 0.0 04 34 37 628
 47.89848 22.903084 0.0 0.0 0.0 0.0 04 34 37 758
 47.800728 22.580505 0.0 0.0 0.0 0.0 04 34 37 889
 47.800728 22.580505 0.0 0.0 0.0 0.0 04 34 38 021
 47.702976 22.580505 0.0 0.0 0.0 0.0 04 34 38 151
 47.800728 22.580505 0.0 0.0 0.0 0.0 04 34 38 281
 47.800728 22.580505 0.0 0.0 0.0 0.0 04 34 38 412
 47.800728 22.903084 0.0 0.0 0.0 0.0 04 34 38 542
 47.800728 22.903084 0.0 0.0 0.0 0.0 04 34 38 673
 47.800728 22.580505 0.0 0.0 0.0 0.0 04 34 38 804
 47.800728 22.580505 0.0 0.0 0.0 0.0 04 34 38 935
 47.800728 22.580505 0.0 0.0 0.0 0.0 04 34 39 069
 47.800728 22.580505 0.0 0.0 0.0 0.0 04 34 39 196
 47.800728 22.903084 0.0 0.0 0.0 0.0 04 34 39 327
 47.800728 22.580505 0.0 0.0 0.0 0.0 04 34 39 457
 47.800728 22.903084 0.0 0.0 0.0 0.0 04 34 39 588
 47.800728 22.903084 0.0 0.0 0.0 0.0 04 34 39 719
 47.800728 22.903084 0.0 0.0 0.0 0.0 04 34 39 849
 47.800728 22.903084 0.0 0.0 0.0 0.0 04 34 39 980
 47.800728 22.580505 0.0 0.0 0.0 0.0 04 34 40 111
 47.800728 22.580505 0.0 0.0 0.0 0.0 04 34 40 241
 47.800728 22.580505 0.0 0.0 0.0 0.0 04 34 40 372
 47.800728 22.580505 0.0 0.0 0.0 0.0 04 34 40 503
 47.800728 22.903084 0.0 0.0 0.0 0.0 04 34 40 633
 47.800728 22.903084 0.0 0.0 0.0 0.0 04 34 40 764
 47.800728 22.903084 0.0 0.0 0.0 0.0 04 34 40 895
