# Created by Octave 7.2.0, Sat Jan 06 23:49:12 2024 GMT <unknown@DESKTOP-1TBSNTE>
# name: X
# type: matrix
# rows: 31
# columns: 2
 121.59999999999999 210.19999999999999
 201.40000000000001 210.19999999999999
 45 211.90000000000001
 278 211.90000000000001
 80.083333333333329 23.083333333333332
 205.09677419354838 152.7741935483871
 117.90322580645162 152.7741935483871
 51.212121212121211 160.21212121212122
 129.30555555555554 226.86111111111111
 193.69444444444446 226.86111111111111
 272.80000000000001 166.13333333333333
 201.88571428571427 124.91428571428571
 161.5 260.66666666666669
 112 180.44444444444446
 265.19999999999999 267.39999999999998
 211 180.44444444444446
 138.77777777777777 301.11111111111109
 184.22222222222223 301.11111111111109
 276.64705882352939 101.29411764705883
 121.33333333333333 339.47619047619048
 208.11111111111111 28.833333333333332
 94.125 117
 201.66666666666666 339.47619047619048
 42.5 107.90000000000001
 58.555555555555557 268.77777777777777
 260.30000000000001 136.59999999999999
 253.16666666666666 295.66666666666669
 69.833333333333329 295.66666666666669
 235.22222222222223 317.66666666666669
 87.777777777777771 317.66666666666669
 174 22.333333333333332


