x = [0.000000000000000000	0.000000000000000000	0.000000000000000000	
0.268198996782302860	-0.400576323270797730	0.686167716979980470	
-0.368780076503753660	0.217942029237747190	0.258049726486206050	
-0.015897810459136963	0.152659192681312560	-0.420233309268951420	
-0.131825461983680730	-0.065893113613128662	-0.698629081249237060	
-0.139468714594841000	-0.210336893796920780	-0.338675945997238160	
-0.005358383059501648	-0.165365353226661680	0.331250101327896120	
0.129710987210273740	0.030238121747970581	0.697483956813812260	
0.144120454788208010	0.198898434638977050	0.431050479412078860	
0.026883855462074280	0.193288639187812810	-0.232293948531150820	
-0.106473430991172790	0.009365022182464600	-0.682306528091430660	
-0.142544686794281010	-0.183406889438629150	-0.496830970048904420	
-0.047799140214920044	-0.199376702308654790	0.146353125572204590	
0.099071353673934937	-0.031116053462028503	0.653451085090637210	
0.155780538916587830	0.164222806692123410	0.567563176155090330	
0.067736081779003143	0.216370016336441040	-0.037644334137439728	
-0.074790567159652710	0.072082996368408203	-0.610713124275207520	
-0.146059766411781310	-0.140948086977005000	-0.615235030651092530	
-0.085513561964035034	-0.217332094907760620	-0.050161585211753845	
0.060713469982147217	-0.089950881898403168	0.558220565319061280	
0.155071914196014400	0.117321133613586430	0.659085273742675780	
0.104048326611518860	0.222436636686325070	0.159617617726325990	
-0.036928802728652954	0.128672495484352110	-0.489697843790054320	
-0.138326182961463930	-0.086488634347915649	-0.684248626232147220	
-0.115643210709095000	-0.217593789100646970	-0.243106454610824580	
0.017900347709655762	-0.142046272754669190	0.419116795063018800	
0.141584336757659910	0.061668038368225098	0.698706030845642090	
0.132666468620300290	0.211385071277618410	0.343686968088150020	
0.004475682973861694	0.174534454941749570	-0.329203128814697270	
-0.120051220059394840	-0.024669170379638672	-0.698055922985076900	
-0.136090397834777830	-0.199822604656219480	-0.417061716318130490	
-0.025639250874519348	-0.183202460408210750	0.246852219104766850	
0.116442129015922550	0.001328289508819580	0.683531999588012700	
0.150942251086235050	0.184358447790145870	0.500048696994781490	
0.046387404203414917	0.206163376569747920	-0.142402067780494690	
-0.092542737722396851	0.039197653532028198	-0.655375480651855470	
-0.145614489912986760	-0.165252655744552610	-0.557943046092987060	
-0.066255398094654083	-0.209913790225982670	0.054791949689388275	
0.081875234842300415	-0.059248857200145721	0.614826738834381100	
0.157062470912933350	0.143564462661743160	0.616577148437500000	
0.085522443056106567	0.221369773149490360	0.055475004017353058	
-0.057662010192871094	0.099674358963966370	-0.559623062610626220	
-0.143806666135787960	-0.116653650999069210	-0.654189884662628170	
-0.100728571414947510	-0.219714462757110600	-0.142004117369651790	
0.040975272655487061	-0.115477375686168670	0.497898012399673460	
0.150300085544586180	0.092087507247924805	0.684392571449279790	
0.118598110973834990	0.219345122575759890	0.248470082879066470	
-0.017784848809242249	0.151748180389404300	-0.418642669916152950	
-0.131006181240081790	-0.058113366365432739	-0.697782397270202640	
-0.126529037952423100	-0.211470872163772580	-0.327915221452713010	
-0.002646818757057190	-0.162934035062789920	0.341734945774078370	
0.131137877702713010	0.033702850341796875	0.698435842990875240	
0.142654269933700560	0.200593739748001100	0.421236515045166020	
0.024255231022834778	0.191298156976699830	-0.244021520018577580	
-0.108205467462539670	0.005348116159439087	-0.684983551502227780	
-0.141958370804786680	-0.185575217008590700	-0.487993419170379640	
-0.045251667499542236	-0.197700113058090210	0.158399194478988650	
0.101240664720535280	-0.027316853404045105	0.657759964466094970	
0.155396357178688050	0.166781038045883180	0.560255467891693120	
0.065281011164188385	0.215417414903640750	-0.050056073814630508	
-0.076977193355560303	0.068289265036582947	-0.616719484329223630	
-0.146173670887947080	-0.143996894359588620	-0.609197258949279790	
-0.083351925015449524	-0.216716408729553220	-0.037818316370248795	
0.063279747962951660	-0.086424268782138824	0.565553665161132810	
0.155495911836624150	0.120548993349075320	0.654832720756530760	
0.101972892880439760	0.222564578056335450	0.147512674331665040	
-0.039429038763046265	0.125406384468078610	-0.498541355133056640	
-0.139129012823104860	-0.090161353349685669	-0.681513667106628420	
-0.114025920629501340	-0.218110084533691410	-0.231445401906967160	
0.020637154579162598	-0.139069348573684690	0.428910583257675170	
0.142786562442779540	0.065328985452651978	0.697825729846954350	
0.131156563758850100	0.212561726570129390	0.332851350307464600	
0.001839384436607361	0.172054424881935120	-0.340156763792037960	
-0.121480688452720640	-0.028650671243667603	-0.698858380317687990	
-0.135123729705810550	-0.201446503400802610	-0.407020539045333860	
-0.022966653108596802	-0.181021094322204590	0.258350521326065060	
0.118318080902099610	0.005154699087142944	0.686083137989044190	
0.150142177939414980	0.186479121446609500	0.491330236196517940	
0.043814063072204590	0.204651653766632080	-0.154568731784820560	
-0.094500362873077393	0.035249084234237671	-0.659657418727874760	
-0.145350888371467590	-0.167860835790634160	-0.550339937210083010	
-0.063865989446640015	-0.208720088005065920	0.067098647356033325	
0.084257185459136963	-0.055541954934597015	0.620609402656555180	
0.157055795192718510	0.146463543176651000	0.610646128654479980	
0.083220385015010834	0.220922529697418210	0.043082863092422485	
-0.060016065835952759	0.096091605722904205	-0.567036211490631100	
-0.144248783588409420	-0.120031118392944340	-0.649653196334838870	
-0.098805449903011322	-0.219626188278198240	-0.129859358072280880	
0.043650746345520020	-0.112175270915031430	0.506467580795288090	
0.151097342371940610	0.095550090074539185	0.681696712970733640	
0.116766743361949920	0.219973266124725340	0.236845657229423520	
-0.020372539758682251	0.148822695016860960	-0.428577870130538940	
-0.132112741470336910	-0.061972469091415405	-0.696693956851959230	
-0.125206798315048220	-0.212515473365783690	-0.316902220249176030	
0.000088647007942200	-0.160302147269248960	0.352431833744049070	
0.132673189043998720	0.037476122379302979	0.699172496795654300	
0.141462475061416630	0.202229827642440800	0.411297321319580080	
0.021622627973556519	0.189254492521286010	-0.255662918090820310	
-0.109896838665008540	0.001339226961135864	-0.687442302703857420	
-0.141317889094352720	-0.187681764364242550	-0.479003250598907470	
-0.042686372995376587	-0.195961862802505490	0.170394197106361390	
0.103377938270568850	-0.023510515689849854	0.661866188049316410	
0.154962047934532170	0.169290482997894290	0.552772760391235350	
0.062808968126773834	0.214397877454757690	-0.062453716993331909	
-0.079139113426208496	0.064472541213035583	-0.622529327869415280	
-0.146243363618850710	-0.146997332572937010	-0.602967143058776860	
-0.081160932779312134	-0.216031342744827270	-0.025464929640293121	
0.065827697515487671	-0.082872308790683746	0.572712004184722900	
0.155869454145431520	0.123741537332534790	0.650377273559570310	
0.099867954850196838	0.222625076770782470	0.135359555482864380	
-0.041914582252502441	0.122099041938781740	-0.507226705551147460	
-0.139890164136886600	-0.093803882598876953	-0.678562462329864500	
-0.112370960414409640	-0.218555361032485960	-0.219713360071182250	
0.023370176553726196	-0.136050373315811160	0.438570976257324220	
0.143942534923553470	0.068970471620559692	0.696730136871337890	
0.129606574773788450	0.213675141334533690	0.321910053491592410	
-0.000794127583503723	0.169519096612930300	-0.351003378629684450	
-0.122873485088348390	-0.032622754573822021	-0.699438393115997310	
-0.134114265441894530	-0.203003853559494020	-0.396852463483810420	
-0.020283475518226624	-0.178783655166625980	0.269767403602600100	
