what = [3.591277599334716800	0.997405171394348140	0.909091114997863770	
3.785771846771240200	0.998700141906738280	0.952377378940582280	
3.781568765640258800	0.999133467674255370	0.967739224433898930	
3.795185089111328100	0.999350011348724370	0.975606799125671390	
3.789920806884765600	0.999480962753295900	0.980388045310974120	
3.787774801254272500	0.999568760395050050	0.983605206012725830	
3.781613111495971700	0.999629437923431400	0.985915780067443850	
3.790915489196777300	0.999677002429962160	0.987654507160186770	
3.798513889312744100	0.999713659286499020	0.989011466503143310	
3.800252437591552700	0.999742269515991210	0.990098476409912110	
3.802508831024169900	0.999766111373901370	0.990990459918975830	
3.802401542663574200	0.999785602092742920	0.991735279560089110	
3.801047563552856400	0.999802172183990480	0.992366135120391850	
3.804703474044799800	0.999816536903381350	0.992907762527465820	
3.798206806182861300	0.999828398227691650	0.993377625942230220	
3.794641971588134800	0.999839067459106450	0.993788719177246090	
3.788165569305419900	0.999848663806915280	0.994152009487152100	
3.788506746292114300	0.999856770038604740	0.994475722312927250	
3.788582324981689500	0.999864518642425540	0.994764804840087890	
3.790222167968750000	0.999871313571929930	0.995025217533111570	
3.792426824569702100	0.999877750873565670	0.995261132717132570	
3.797083854675293000	0.999883115291595460	0.995475888252258300	
3.801807880401611300	0.999888181686401370	0.995671510696411130	
3.803551673889160200	0.999892711639404300	0.995850861072540280	
3.801722764968872100	0.999896764755249020	0.996016085147857670	
3.804182052612304700	0.999900639057159420	0.996168732643127440	
3.801398038864135700	0.999904513359069820	0.996310114860534670	
3.797709465026855500	0.999907791614532470	0.996441543102264400	
3.796504974365234400	0.999911010265350340	0.996563673019409180	
3.793777942657470700	0.999913990497589110	0.996677815914154050	
3.792366743087768600	0.999916613101959230	0.996784746646881100	
3.792030572891235400	0.999919176101684570	0.996884584426879880	
3.793417930603027300	0.999921679496765140	0.996978700160980220	
3.794708490371704100	0.999924004077911380	0.997067451477050780	
3.791790485382080100	0.999926149845123290	0.997151255607604980	
3.793994426727294900	0.999928057193756100	0.997230172157287600	
3.792506694793701200	0.999930143356323240	0.997304618358612060	
3.792523622512817400	0.999932050704956050	0.997375428676605220	
3.792874574661254900	0.999933838844299320	0.997442543506622310	
3.794085741043090800	0.999935507774353030	0.997506022453308110	
3.792628526687622100	0.999936997890472410	0.997566819190979000	
3.792571067810058600	0.999938488006591800	0.997624695301055910	
3.789970159530639600	0.999939918518066410	0.997679948806762700	
3.790958404541015600	0.999941468238830570	0.997732698917388920	
3.790846347808837900	0.999942541122436520	0.997783124446868900	
3.790525197982788100	0.999943673610687260	0.997831225395202640	
3.788619041442871100	0.999944984912872310	0.997877240180969240	
3.789158105850219700	0.999946057796478270	0.997921466827392580	
3.791634321212768600	0.999947309494018550	0.997963786125183110	
3.792080879211425800	0.999948322772979740	0.998004615306854250	
3.790744781494140600	0.999949276447296140	0.998043715953826900	
3.791093587875366200	0.999950230121612550	0.998081266880035400	
3.790717840194702100	0.999951303005218510	0.998117327690124510	
3.791918039321899400	0.999952137470245360	0.998151957988739010	
3.792218685150146500	0.999953091144561770	0.998185455799102780	
3.789736032485961900	0.999953866004943850	0.998217761516571040	
3.790613174438476600	0.999954581260681150	0.998248934745788570	
3.791473388671875000	0.999955415725708010	0.998279154300689700	
3.789856195449829100	0.999956011772155760	0.998308300971984860	
3.789259195327758800	0.999956846237182620	0.998336374759674070	
3.790413856506347700	0.999957501888275150	0.998363673686981200	
3.789048910140991200	0.999958097934722900	0.998390018939971920	
3.789332628250122100	0.999958693981170650	0.998415708541870120	
3.787812232971191400	0.999959468841552730	0.998440504074096680	
3.788331031799316400	0.999959945678710940	0.998464465141296390	
3.789115905761718700	0.999960541725158690	0.998487710952758790	
3.788244485855102500	0.999961197376251220	0.998510122299194340	
3.788656949996948200	0.999961674213409420	0.998531997203826900	
3.790185451507568400	0.999962270259857180	0.998553395271301270	
3.790453672409057600	0.999962806701660160	0.998574256896972660	
3.790218591690063500	0.999963343143463130	0.998594224452972410	
3.790966033935546900	0.999963760375976560	0.998613715171813960	
3.791408061981201200	0.999964416027069090	0.998632669448852540	
3.791041374206543000	0.999964952468872070	0.998651206493377690	
3.790499448776245100	0.999965369701385500	0.998669147491455080	
3.792589902877807600	0.999965786933898930	0.998686730861663820	
3.791098356246948200	0.999966263771057130	0.998703896999359130	
3.791268587112426800	0.999966621398925780	0.998720526695251460	
3.792094469070434600	0.999966979026794430	0.998736679553985600	
3.792349338531494100	0.999967396259307860	0.998752415180206300	
3.793379783630371100	0.999967694282531740	0.998767852783203130	
3.793500900268554700	0.999968171119689940	0.998782813549041750	
3.793426752090454100	0.999968588352203370	0.998797476291656490	
3.792922973632812500	0.999968886375427250	0.998811781406402590	
3.792502880096435500	0.999969303607940670	0.998825728893280030	
3.792685985565185500	0.999969661235809330	0.998839378356933590	
3.791711807250976600	0.999970018863677980	0.998852729797363280	
3.790659427642822300	0.999970436096191410	0.998865842819213870	
3.791221141815185500	0.999970734119415280	0.998878538608551030	
3.792395830154418900	0.999970972537994380	0.998890936374664310	
3.793674707412719700	0.999971270561218260	0.998903095722198490	
3.794203758239746100	0.999971687793731690	0.998915076255798340	
3.794527053833007800	0.999971985816955570	0.998926758766174320	
3.794965982437133800	0.999972224235534670	0.998938143253326420	
3.794415950775146500	0.999972522258758540	0.998949289321899410	
3.795113086700439500	0.999972820281982420	0.998960256576538090	
3.794814586639404300	0.999973177909851070	0.998970985412597660	
3.793659925460815400	0.999973475933074950	0.998981416225433350	
3.793270111083984400	0.999973714351654050	0.998991787433624270	
3.793472766876220700	0.999973952770233150	0.999001860618591310];

 
