x = [0.000000000000000000	0.000000000000000000	0.000000000000000000	
1.340994954109191900	-2.002881526947021500	3.430838584899902300	
0.158981263637542720	-2.341128349304199200	1.271099805831909200	
-1.169199109077453600	-0.526952683925628660	-2.057282447814941400	
-1.422423124313354500	1.771700978279113800	-3.494208812713623000	
-0.367877960205078130	2.441460847854614300	-1.718575596809387200	
1.024892568588256800	0.866552948951721190	1.637108087539672900	
1.475381612777710000	-1.505059957504272500	3.487642288208007800	
0.569411635398864750	-2.492927551269531300	2.131654024124145500	
-0.860072851181030270	-1.188809156417846700	-1.184166908264160200	
-1.498810291290283200	1.208294868469238300	-3.411270380020141600	
-0.759548485279083250	2.494498252868652300	-2.502067565917968700	
0.678038716316223140	1.487271308898925800	0.707524597644805910	
1.492240190505981400	-0.887345910072326660	3.266621828079223600	
0.934482932090759280	-2.446141481399536100	2.822402000427246100	
-0.482433617115020750	-1.755965828895568800	-0.216721177101135250	
-1.455802917480468800	0.548636674880981450	-3.056591987609863300	
-1.090713739395141600	2.348825216293335000	-3.086246252059936500	
0.277172625064849850	1.989514708518981900	-0.278419911861419680	
1.390227794647216800	-0.198946475982666020	2.785384416580200200	
1.225113868713378900	-2.204497098922729500	3.288318872451782200	
-0.066364012658596039	-2.183243274688720700	0.767988443374633790	
-1.296827077865600600	-0.154725626111030580	-2.458427190780639600	
-1.334993362426757800	2.016046047210693400	-3.424576282501220700	
-0.145772859454154970	2.333274126052856400	-1.242185592651367200	
1.177470684051513700	0.505300879478454590	2.082264900207519500	
1.418153047561645500	-1.787243843078613300	3.492290496826171900	
0.354992091655731200	-2.436604738235473600	1.691520452499389600	
-1.034546852111816400	-0.845762550830841060	-1.664425611495971700	
-1.472928285598754900	1.522669792175293000	-3.490106582641601600	
-0.557106137275695800	2.491166591644287100	-2.106999635696411100	
0.870916724205017090	1.169296264648437500	1.213273167610168500	
1.498222827911377000	-1.227619647979736300	3.418067932128906200	
0.748069763183593750	-2.495867729187011700	2.480306863784790000	
-0.689855217933654790	-1.469426631927490200	-0.737836837768554690	
-1.493530511856079100	0.907998621463775630	-3.277616977691650400	
-0.924060702323913570	2.450614213943481400	-2.803971052169799800	
0.494986236095428470	1.740146279335022000	0.247632816433906560	
1.458945155143737800	-0.570204019546508790	3.071564197540283200	
1.081556558609008800	-2.356311321258544900	3.071513652801513700	
-0.290210098028182980	-1.976036906242370600	0.247527599334716800	
-1.395158886909484900	0.220996767282485960	-2.804034233093261700	
-1.217405080795288100	2.214847087860107400	-3.277579784393310500	
0.079625383019447327	2.172377109527587900	-0.737733721733093260	
1.303448677062988300	0.132633715867996220	2.480381488800048800	
1.328887224197387700	-2.029052495956420900	3.418045282363891600	
0.132553026080131530	-2.325237274169921900	1.213174104690551800	
-1.185649871826171900	-0.483609557151794430	-2.107083797454834000	
-1.413771748542785600	1.802646517753601100	-3.490098714828491200	
-0.342078387737274170	2.431557655334472700	-1.664332866668701200	
1.044120192527771000	0.824905931949615480	1.691612839698791500	
1.470359444618225100	-1.540160417556762700	3.492297410964965800	
0.544757068157196040	-2.489210605621337900	2.082179784774780300	
-0.881692528724670410	-1.149691820144653300	-1.242284297943115200	
-1.497518062591552700	1.246848225593566900	-3.424597978591918900	
-0.736532390117645260	2.497041702270507800	-2.458352088928222700	
0.701617717742919920	1.451466560363769500	0.768091320991516110	
1.494703769683837900	-0.928580224514007570	3.288355350494384800	
0.913565993309021000	-2.454894542694091800	2.785320520401001000	
-0.507500112056732180	-1.724190235137939500	-0.278525084257125850	
-1.461972951889038100	0.591726720333099370	-3.086296081542968700	
-1.072314620018005400	2.363612890243530300	-3.056540489196777300	
0.303224831819534300	1.962404251098632800	-0.216615885496139530	
1.399980783462524400	-0.243029758334159850	2.822464466094970700	
1.209600925445556600	-2.225023269653320300	3.266583919525146500	
-0.092880502343177795	-2.161340713500976600	0.707421302795410160	
-1.309967994689941400	-0.110531412065029140	-2.502141237258911100	
-1.322676897048950200	2.041899919509887700	-3.411246776580810500	
-0.119322821497917180	2.317018032073974600	-1.184067606925964400	
1.193736195564270000	0.461880296468734740	2.131737709045410200	
1.409279584884643600	-1.817908048629760700	3.487633228302002000	
0.329137891530990600	-2.426320075988769500	1.637014746665954600	
-1.053611636161804200	-0.803984642028808590	-1.718667507171630900	
-1.467675566673278800	1.557530403137207000	-3.494214773178100600	
-0.532365262508392330	2.487059354782104500	-2.057197332382202100	
0.892399191856384280	1.129997253417968700	1.271198034286499000	
1.496695876121521000	-1.265979051589965800	3.430859804153442400	
0.724937319755554200	-2.498020172119140600	2.436204910278320300	
-0.713325262069702150	-1.433392882347106900	-0.798285663127899170	
-1.495759963989257800	0.949089050292968750	-3.298835992813110400	
-0.902999818325042720	2.458982944488525400	-2.766451597213745100	
0.519974231719970700	1.708099246025085400	0.309395492076873780	
1.464886307716369600	-0.613202989101409910	3.100785970687866200	
1.062988638877868700	-2.370729207992553700	3.041327953338623000	
-0.316215783357620240	-1.948617935180664100	0.185687199234962460	
-1.404693007469177200	0.265043705701828000	-2.840673446655273400	
-1.201701879501342800	2.235025405883789100	-3.255332231521606400	
0.106128349900245670	2.150135040283203100	-0.677053391933441160	
1.316384673118591300	0.088420443236827850	2.523705005645752000	
1.316362977027893100	-2.054587364196777300	3.404180765151977500	
0.106083258986473080	-2.308617115020752000	1.154868364334106400	
-1.201728940010070800	-0.440114855766296390	-2.156224727630615200	
-1.404677033424377400	1.833027005195617700	-3.484894752502441400	
-0.316171586513519290	2.420892477035522500	-1.609568476676940900	
1.063020586967468300	0.783000349998474120	1.745587468147277800	
1.464876532554626500	-1.574778556823730500	3.495858430862426800	
0.519931793212890630	-2.484713315963745100	2.032053232192993200	
-0.903035938739776610	-1.110214114189147900	-1.300012350082397500	
-1.495756626129150400	1.285010695457458500	-3.436852455139160200	
-0.713285505771636960	2.498802661895752000	-2.413866281509399400	
0.724976897239685060	1.415206909179687500	0.828417420387268070	
1.496698856353759800	-0.969523549079895020	3.309058189392089800	
0.892362833023071290	-2.462878465652465800	2.747365951538085900	
-0.532407522201538090	-1.691874384880065900	-0.340241670608520510	
-1.467684864997863800	0.634631276130676270	-3.115032672882080100	
-1.053579449653625500	2.377660036087036100	-3.025876998901367200	
0.329181998968124390	1.934679031372070300	-0.154743969440460210	
1.409295082092285200	-0.287036895751953130	2.858659982681274400	
1.193708777427673300	-2.244852304458618200	3.243824958801269500	
-0.119367890059947970	-2.138761043548584000	0.646632432937622070	
-1.322698354721069300	-0.066302552819252014	-2.545071125030517600	
-1.309945940971374500	2.067114114761352500	-3.396847963333129900	
-0.092835381627082825	2.300035476684570300	-1.125578522682189900	
1.209627628326416000	0.418314963579177860	2.180542707443237300	
1.399964570999145500	-1.848002552986145000	3.481883049011230500	
0.303180545568466190	-2.415275096893310500	1.581996083259582500	
-1.072346210479736300	-0.761954784393310550	-1.772370815277099600	
-1.461962938308715800	1.591903090476989700	-3.497228145599365200	
-0.507457554340362550	2.482172727584838900	-2.006750106811523400	
0.913601875305175780	1.090344071388244600	1.328724741935730000	
