x = [0.000000000000000000	0.000000000000000000	1.000000000000000000	
0.009114526212215424	1.113658070564270000	-0.062599092721939087	
1.149095296859741200	0.030459217727184296	-0.020261093974113464	
0.095980599522590637	0.106594070792198180	-0.195417329668998720	
0.116689525544643400	-0.024958014488220215	0.017307445406913757	
0.004094773903489113	-0.021292641758918762	-0.012188295833766460	
0.020663302391767502	0.089746817946434021	-0.094220556318759918	
0.151932328939437870	-0.044764619320631027	-0.132857114076614380	
-0.193514704704284670	-0.141374811530113220	0.034561593085527420	
-0.196905225515365600	0.072000160813331604	-0.042084857821464539	
0.143828198313713070	-0.273152798414230350	0.017334114760160446	
-0.251520216464996340	-0.064361736178398132	-0.151782870292663570	
-0.304974228143692020	-0.132619962096214290	-0.030124723911285400	
-0.033374391496181488	-0.169456228613853450	-0.090905934572219849	
-0.219741135835647580	-0.134195700287818910	0.110014691948890690	
-0.140228495001792910	0.104154586791992190	0.036098565906286240	
0.049864839762449265	0.131544589996337890	-0.128028973937034610	
0.253674894571304320	-0.228392750024795530	-0.025771876797080040	
-0.396939784288406370	0.076849490404129028	-0.028771322220563889	
0.197430014610290530	-0.205927327275276180	0.042883366346359253	
-0.231386035680770870	-0.001575764268636704	-0.018524575978517532	
-0.027846600860357285	-0.018497057259082794	-0.071777693927288055	
0.002269683405756950	-0.042634062469005585	-0.028132332488894463	
-0.002349499613046646	-0.045122742652893066	0.037372440099716187	
0.006666745990514755	-0.045123592019081116	-0.010224025696516037	
-0.048581033945083618	0.016005901619791985	0.143066912889480590	
0.077240005135536194	0.224060058593750000	-0.085132353007793427	
0.209957957267761230	-0.134338796138763430	-0.030093161389231682	
-0.064685404300689697	-0.084142103791236877	0.170065641403198240	
-0.070284880697727203	0.046499915421009064	0.058927465230226517	
0.146424144506454470	0.088004387915134430	0.041826188564300537	
0.103910766541957860	0.122039884328842160	-0.049215998500585556	
0.238680869340896610	0.055113818496465683	-0.108706660568714140	
0.069420389831066132	-0.143533945083618160	-0.003674494335427880	
-0.090249374508857727	-0.086369708180427551	-0.012452080845832825	
-0.102235496044158940	-0.095553122460842133	0.015519639477133751	
-0.060023691505193710	-0.193565785884857180	0.066395074129104614	
-0.383913308382034300	0.022668689489364624	-0.145547360181808470	
0.182832300662994380	-0.054882802069187164	0.095318749547004700	
-0.107295215129852290	0.221667468547821040	-0.148728907108306880	
0.248810529708862300	-0.130354434251785280	0.302369624376297000	
-0.047727756202220917	0.149281010031700130	0.139441013336181640	
0.165812045335769650	0.122695863246917720	0.165003493428230290	
0.323449850082397460	0.355596303939819340	0.042863339185714722	
0.447248369455337520	0.129094690084457400	-0.015215417370200157	
-0.059241697192192078	-0.003186320886015892	-0.275294095277786250	
0.034691728651523590	-0.352348327636718750	-0.015575430355966091	
-0.412919849157333370	-0.236274480819702150	-0.154222339391708370	
-0.196995988488197330	-0.164671853184700010	0.180418074131011960	
-0.066440992057323456	0.301483452320098880	-0.078165814280509949	
0.227279305458068850	-0.165402948856353760	0.014108046889305115	
-0.241723120212554930	-0.092829301953315735	0.060280814766883850	
0.052987143397331238	0.094227865338325500	0.105991557240486150	
-0.120594814419746400	-0.159158453345298770	-0.053633298724889755	
-0.070854499936103821	-0.206181928515434270	0.061954583972692490	
-0.060518503189086914	0.174044877290725710	-0.057423286139965057	
0.242427319288253780	-0.130627334117889400	0.017576314508914948	
-0.170556917786598210	0.098455823957920074	0.155894681811332700	
0.166655838489532470	0.239259183406829830	0.132471621036529540	
0.219626009464263920	0.345239758491516110	-0.006255103275179863	
0.256995022296905520	-0.046991348266601563	-0.113802865147590640	
-0.191022396087646480	-0.100141219794750210	-0.006769573315978050	
-0.263734310865402220	0.170942693948745730	-0.005644146353006363	
-0.009083762764930725	0.076930120587348938	-0.085633911192417145	
0.288695514202117920	0.051648266613483429	-0.039403062313795090	
-0.171170741319656370	-0.092382483184337616	0.157049164175987240	
-0.034251593053340912	0.120153114199638370	-0.058641027659177780	
0.128347009420394900	-0.018183525651693344	0.202994689345359800	
-0.145593792200088500	0.170085206627845760	-0.072286121547222137	
0.259493917226791380	0.007864922285079956	-0.034065302461385727	
-0.112417332828044890	-0.176616281270980830	-0.076667569577693939	
-0.179077386856079100	-0.262860774993896480	-0.059268791228532791	
-0.327227801084518430	0.021179001778364182	0.082259416580200195	
0.253736615180969240	0.081100240349769592	-0.068223528563976288	
0.001705408096313477	0.092257268726825714	0.102861285209655760	
0.314040422439575200	0.111172474920749660	0.070167146623134613	
0.192966714501380920	0.064958155155181885	-0.062533549964427948	
0.152530714869499210	-0.178960040211677550	-0.006933490745723248	
-0.112688682973384860	-0.196458518505096440	0.028052868321537971	
-0.236097931861877440	-0.096245668828487396	-0.070783533155918121	
0.007623545825481415	-0.104642495512962340	-0.135233461856842040	
-0.253044784069061280	0.065407961606979370	-0.078224509954452515	
0.027369827032089233	-0.141919523477554320	0.079180836677551270	
-0.289970815181732180	-0.003902062773704529	-0.040974251925945282	
0.062696255743503571	0.061455830931663513	-0.094686463475227356	
0.001958187669515610	-0.090447165071964264	-0.134113535284996030	
-0.078215815126895905	-0.289490103721618650	0.047114923596382141	
-0.396971702575683590	0.118541575968265530	0.105657257139682770	
0.110896162688732150	-0.080486617982387543	-0.218791648745536800	
-0.141709268093109130	0.034346148371696472	-0.059733480215072632	
-0.122251257300376890	0.036582641303539276	0.065017677843570709	
-0.054876893758773804	0.258393228054046630	0.149782165884971620	
0.199766442179679870	0.119742847979068760	-0.032727893441915512	
0.088129468262195587	-0.033812630921602249	-0.088636860251426697	
-0.002332963049411774	-0.338435888290405270	-0.012531955726444721	
-0.315085291862487790	0.007144154049456120	-0.358831286430358890	
0.107409477233886720	-0.297207593917846680	0.152644991874694820	
-0.515775680541992190	0.045000173151493073	-0.135429158806800840	
-0.164726167917251590	-0.263879328966140750	-0.162883609533309940	
-0.394352912902832030	0.016506478190422058	-0.035922452807426453];


