what = [0.000000000000000000	0.630596697330474850	0.232068434357643130	
0.376023411750793460	0.876661717891693120	0.509025394916534420	
0.741287171840667720	1.253378629684448200	0.658729553222656250	
0.891248703002929690	1.233923673629760700	0.489971458911895750	
0.942613601684570310	1.262031316757202100	0.576482892036437990	
0.968464255332946780	1.358021020889282200	0.581619858741760250	
1.010478019714355500	1.380555510520935100	0.539261877536773680	
1.029201745986938500	1.450880646705627400	0.528725683689117430	
1.055295109748840300	1.476427555084228500	0.537215411663055420	
1.063117265701293900	1.525267601013183600	0.533272266387939450	
1.086159825325012200	1.415364861488342300	0.606846809387207030	
1.086214184761047400	1.457460165023803700	0.597400903701782230	
1.075029373168945300	1.489327788352966300	0.611776769161224370	
1.077501296997070300	1.514795303344726600	0.575148582458496090	
1.079666018486022900	1.529229760169982900	0.581831634044647220	
1.060224175453186000	1.549268007278442400	0.596775650978088380	
1.037610292434692400	1.588780522346496600	0.583218872547149660	
1.027766466140747100	1.613621473312377900	0.582011342048645020	
1.015503048896789600	1.580124735832214400	0.618867099285125730	
1.015106678009033200	1.577590703964233400	0.631200969219207760	
0.995940268039703370	1.611556291580200200	0.620332062244415280	
1.003427267074585000	1.620872616767883300	0.613900125026702880	
0.985394954681396480	1.654724001884460400	0.614810168743133540	
0.962874293327331540	1.684180021286010700	0.624182522296905520	
0.964967310428619380	1.671946406364440900	0.640385627746582030	
0.954802989959716800	1.693316817283630400	0.635877192020416260	
0.944733917713165280	1.716575264930725100	0.626561343669891360	
0.932710111141204830	1.742080569267272900	0.596074938774108890	
0.960004925727844240	1.684705376625061000	0.614221453666687010	
0.962773203849792480	1.685079813003540000	0.618499875068664550	
0.958430111408233640	1.690215587615966800	0.625743389129638670	
0.964697241783142090	1.690756797790527300	0.625366032123565670	
0.942361295223236080	1.718226552009582500	0.633751392364501950	
0.945595979690551760	1.712528467178344700	0.640459775924682620	
0.939578890800476070	1.721174836158752400	0.646308898925781250	
0.927830457687377930	1.730792641639709500	0.656116724014282230	
0.924579203128814700	1.736831426620483400	0.651577591896057130	
0.935856878757476810	1.743187785148620600	0.626870810985565190	
0.920993804931640630	1.767736196517944300	0.628070056438446040	
0.905037283897399900	1.793135166168212900	0.630976617336273190	
0.907335579395294190	1.786769151687622100	0.638148546218872070	
0.899420917034149170	1.800400972366333000	0.642140090465545650	
0.899548053741455080	1.805361390113830600	0.640227973461151120	
0.900285482406616210	1.808280944824218800	0.641525149345397950	
0.900589942932128910	1.809789896011352500	0.639630079269409180	
0.897793233394622800	1.810352206230163600	0.639362275600433350	
0.897663772106170650	1.809735298156738300	0.643982768058776860	
0.902778387069702150	1.803674578666687000	0.637826919555664060	
0.897684931755065920	1.816603779792785600	0.635398447513580320	
0.911019921302795410	1.797452688217163100	0.626684367656707760	
0.922525584697723390	1.774091124534606900	0.633155822753906250	
0.940260410308837890	1.729032754898071300	0.646486282348632810	
0.912396669387817380	1.758041977882385300	0.652577340602874760	
0.907986938953399660	1.766842603683471700	0.655315220355987550	
0.904060602188110350	1.780634403228759800	0.648279249668121340	
0.902895271778106690	1.788277983665466300	0.644403874874114990	
0.907023847103118900	1.788976192474365200	0.640947163105010990	
0.892692148685455320	1.807894706726074200	0.646044850349426270	
0.890517413616180420	1.812340259552002000	0.649264991283416750	
0.884723842144012450	1.815411806106567400	0.657066404819488530	
0.886369526386260990	1.823551774024963400	0.647855281829833980	
0.886242568492889400	1.832109808921814000	0.641011536121368410	
0.895980894565582280	1.813695430755615200	0.635762155055999760	
0.909855544567108150	1.773945569992065400	0.645471453666687010	
0.915811479091644290	1.775440573692321800	0.635573565959930420	
0.912397980690002440	1.783819198608398400	0.637249886989593510	
0.919143676757812500	1.759989738464355500	0.645879149436950680	
0.919930398464202880	1.752912282943725600	0.652168452739715580	
0.917755544185638430	1.758121967315673800	0.655273735523223880	
0.913110554218292240	1.770316243171691900	0.655412673950195310	
0.912074327468872070	1.776730656623840300	0.655156850814819340	
0.919919073581695560	1.766395330429077100	0.639185070991516110	
0.920417964458465580	1.772727251052856400	0.635744512081146240	
0.917977333068847660	1.781354427337646500	0.634010553359985350	
0.911202311515808110	1.778254985809326200	0.642087340354919430	
0.915848374366760250	1.774796962738037100	0.639014720916748050	
0.907044053077697750	1.796241044998168900	0.643645346164703370	
0.904922723770141600	1.801702260971069300	0.646352112293243410	
0.903080224990844730	1.809277176856994600	0.645935773849487300	
0.897025823593139650	1.822083592414856000	0.650598526000976560	
0.893629908561706540	1.832402586936950700	0.644542932510375980	
0.897096037864685060	1.815576672554016100	0.650925338268280030	
0.895352542400360110	1.823347568511962900	0.651169657707214360	
0.899068534374237060	1.824245691299438500	0.646545767784118650	
0.901416003704071040	1.815187692642211900	0.649962067604064940	
0.901516616344451900	1.820414066314697300	0.648495495319366460	
0.907030284404754640	1.808894515037536600	0.649117827415466310	
0.906814575195312500	1.815369009971618700	0.645980715751647950	
0.907414734363555910	1.817996263504028300	0.645722329616546630	
0.918078780174255370	1.772331357002258300	0.653480708599090580	
0.920760095119476320	1.760398387908935500	0.656594634056091310	
0.919235289096832280	1.766024827957153300	0.650595545768737790	
0.914969921112060550	1.778552293777465800	0.651983261108398440	
0.915251314640045170	1.781282544136047400	0.643905520439147950	
0.913605213165283200	1.788867712020874000	0.643645524978637700	
0.910590887069702150	1.797915577888488800	0.646623551845550540	
0.908155500888824460	1.806280374526977500	0.647752225399017330	
0.905758142471313480	1.810033559799194300	0.639441490173339840	
0.905676960945129390	1.813940644264221200	0.637275397777557370	
0.906735956668853760	1.802574396133422900	0.643029630184173580];

