what = [3.601683139801025400	0.997405171394348140	0.909091114997863770	
3.713232278823852500	0.998700141906738280	0.952377378940582280	
3.733161687850952100	0.999133467674255370	0.967739224433898930	
3.712486267089843800	0.999350011348724370	0.975606799125671390	
3.731078147888183600	0.999480962753295900	0.980388045310974120	
3.731734752655029300	0.999568760395050050	0.983605206012725830	
3.742878198623657200	0.999629437923431400	0.985915780067443850	
3.743611335754394500	0.999677002429962160	0.987654507160186770	
3.733497142791748000	0.999713659286499020	0.989011466503143310	
3.733061313629150400	0.999742269515991210	0.990098476409912110	
3.722344398498535200	0.999766111373901370	0.990990459918975830	
3.721330165863037100	0.999785602092742920	0.991735279560089110	
3.728603124618530300	0.999802172183990480	0.992366135120391850	
3.726896286010742200	0.999816536903381350	0.992907762527465820	
3.721521139144897500	0.999828398227691650	0.993377625942230220	
3.724843263626098600	0.999839067459106450	0.993788719177246090	
3.730876684188842800	0.999848663806915280	0.994152009487152100	
3.733250856399536100	0.999856770038604740	0.994475722312927250	
3.733570575714111300	0.999864518642425540	0.994764804840087890	
3.736687660217285200	0.999871313571929930	0.995025217533111570	
3.741957664489746100	0.999877750873565670	0.995261132717132570	
3.747475385665893600	0.999883115291595460	0.995475888252258300	
3.747971534729003900	0.999888181686401370	0.995671510696411130	
3.747716903686523400	0.999892711639404300	0.995850861072540280	
3.747984647750854500	0.999896764755249020	0.996016085147857670	
3.745070219039917000	0.999900639057159420	0.996168732643127440	
3.747899055480957000	0.999904513359069820	0.996310114860534670	
3.746105670928955100	0.999907791614532470	0.996441543102264400	
3.744512557983398400	0.999911010265350340	0.996563673019409180	
3.747223138809204100	0.999913990497589110	0.996677815914154050	
3.745064020156860400	0.999916613101959230	0.996784746646881100	
3.741700410842895500	0.999919176101684570	0.996884584426879880	
3.742421627044677700	0.999921679496765140	0.996978700160980220	
3.744178056716918900	0.999924004077911380	0.997067451477050780	
3.744847536087036100	0.999926149845123290	0.997151255607604980	
3.750338792800903300	0.999928057193756100	0.997230172157287600	
3.750977754592895500	0.999930143356323240	0.997304618358612060	
3.749116182327270500	0.999932050704956050	0.997375428676605220	
3.750720500946044900	0.999933838844299320	0.997442543506622310	
3.752758741378784200	0.999935507774353030	0.997506022453308110	
3.752681016921997100	0.999936997890472410	0.997566819190979000	
3.753080129623413100	0.999938488006591800	0.997624695301055910	
3.751897811889648400	0.999939918518066410	0.997679948806762700	
3.746574878692627000	0.999941468238830570	0.997732698917388920	
3.745223045349121100	0.999942541122436520	0.997783124446868900	
3.747087001800537100	0.999943673610687260	0.997831225395202640	
3.746749162673950200	0.999944984912872310	0.997877240180969240	
3.745475530624389600	0.999946057796478270	0.997921466827392580	
3.745595693588256800	0.999947309494018550	0.997963786125183110	
3.745250225067138700	0.999948322772979740	0.998004615306854250	
3.743438959121704100	0.999949276447296140	0.998043715953826900	
3.741277933120727500	0.999950230121612550	0.998081266880035400	
3.741688966751098600	0.999951303005218510	0.998117327690124510	
3.743379831314086900	0.999952137470245360	0.998151957988739010	
3.743035078048706100	0.999953091144561770	0.998185455799102780	
3.742212772369384800	0.999953866004943850	0.998217761516571040	
3.741433858871460000	0.999954581260681150	0.998248934745788570	
3.740016460418701200	0.999955415725708010	0.998279154300689700	
3.742576122283935500	0.999956011772155760	0.998308300971984860	
3.741688251495361300	0.999956846237182620	0.998336374759674070	
3.742438316345214800	0.999957501888275150	0.998363673686981200	
3.743809461593627900	0.999958097934722900	0.998390018939971920	
3.741690397262573200	0.999958693981170650	0.998415708541870120	
3.740225076675415000	0.999959468841552730	0.998440504074096680	
3.741931438446044900	0.999959945678710940	0.998464465141296390	
3.742405414581298800	0.999960541725158690	0.998487710952758790	
3.743509054183960000	0.999961197376251220	0.998510122299194340	
3.743703126907348600	0.999961674213409420	0.998531997203826900	
3.742710113525390600	0.999962270259857180	0.998553395271301270	
3.741456270217895500	0.999962806701660160	0.998574256896972660	
3.741731166839599600	0.999963343143463130	0.998594224452972410	
3.743564844131469700	0.999963760375976560	0.998613715171813960	
3.741276025772094700	0.999964416027069090	0.998632669448852540	
3.740548372268676800	0.999964952468872070	0.998651206493377690	
3.738045930862426800	0.999965369701385500	0.998669147491455080	
3.737948894500732400	0.999965786933898930	0.998686730861663820	
3.738199234008789100	0.999966263771057130	0.998703896999359130	
3.738340854644775400	0.999966621398925780	0.998720526695251460	
3.738319873809814500	0.999966979026794430	0.998736679553985600	
3.739417791366577100	0.999967396259307860	0.998752415180206300	
3.738451480865478500	0.999967694282531740	0.998767852783203130	
3.737726926803588900	0.999968171119689940	0.998782813549041750	
3.738214492797851600	0.999968588352203370	0.998797476291656490	
3.738512277603149400	0.999968886375427250	0.998811781406402590	
3.738953590393066400	0.999969303607940670	0.998825728893280030	
3.738321781158447300	0.999969661235809330	0.998839378356933590	
3.738752841949462900	0.999970018863677980	0.998852729797363280	
3.739443778991699200	0.999970436096191410	0.998865842819213870	
3.739757776260376000	0.999970734119415280	0.998878538608551030	
3.740860700607299800	0.999970972537994380	0.998890936374664310	
3.742092370986938500	0.999971270561218260	0.998903095722198490	
3.742028236389160200	0.999971687793731690	0.998915076255798340	
3.741106033325195300	0.999971985816955570	0.998926758766174320	
3.739529848098754900	0.999972224235534670	0.998938143253326420	
3.739572286605835000	0.999972522258758540	0.998949289321899410	
3.739148378372192400	0.999972820281982420	0.998960256576538090	
3.739457845687866200	0.999973177909851070	0.998970985412597660	
3.738270282745361300	0.999973475933074950	0.998981416225433350	
3.738949537277221700	0.999973714351654050	0.998991787433624270	
3.738367795944213900	0.999973952770233150	0.999001860618591310];


