what = [0.000000000000000000	0.560908913612365720	0.033768590539693832	
0.084509871900081635	0.858950674533843990	0.450473219156265260	
0.396473735570907590	1.003655910491943400	0.534590363502502440	
0.571072995662689210	1.169208168983459500	0.496839225292205810	
0.677937328815460210	1.385000586509704600	0.590805292129516600	
0.771522760391235350	1.643971323966980000	0.624034702777862550	
0.962980151176452640	2.003983974456787100	0.783914685249328610	
1.007474303245544400	2.163739681243896500	0.869562208652496340	
1.148370504379272500	2.385002851486206100	0.850336551666259770	
1.101202964782714800	2.497637033462524400	0.837648034095764160	
1.064562678337097200	2.639953851699829100	0.844584047794342040	
1.062323808670043900	2.717959642410278300	0.883983790874481200	
1.022207498550415000	2.849797010421752900	0.891785800457000730	
1.050391197204589800	2.949877262115478500	0.870805501937866210	
1.073011755943298300	2.953131914138793900	0.912173151969909670	
1.035166263580322300	3.066079139709472700	0.908731400966644290	
1.023494005203247100	3.158595323562622100	0.919398486614227290	
1.021840572357177700	3.229186773300170900	0.935126304626464840	
1.004046201705932600	3.263650178909301800	0.936926484107971190	
0.951733052730560300	3.325324535369873000	0.915718674659729000	
0.915943443775177000	3.386396646499633800	0.923432946205139160	
0.914077699184417720	3.457521438598632800	0.933485448360443120	
0.896550953388214110	3.575914621353149400	0.947257637977600100	
0.876355469226837160	3.568055152893066400	0.947694003582000730	
0.845854640007019040	3.638883590698242200	0.964617013931274410	
0.818875789642333980	3.657509565353393600	0.964140295982360840	
0.846339464187622070	3.688561916351318400	0.954485416412353520	
0.838714778423309330	3.748603343963623000	0.963970363140106200	
0.841116666793823240	3.759328603744506800	0.956777870655059810	
0.843563139438629150	3.779110908508300800	0.954238831996917720	
0.868378758430480960	3.759559869766235400	0.955616354942321780	
0.858610510826110840	3.794747114181518600	0.969209730625152590	
0.849832594394683840	3.847969532012939500	0.980048835277557370	
0.835338115692138670	3.893772363662719700	0.995757281780242920	
0.808383941650390630	3.948893308639526400	0.981815099716186520	
0.813778042793273930	3.938627719879150400	0.979868769645690920	
0.810362040996551510	3.949844598770141600	0.985869884490966800	
0.802687704563140870	3.954946756362915000	0.991415560245513920	
0.789654254913330080	3.961524486541748000	0.996348500251770020	
0.787088334560394290	4.003767967224121100	1.000964283943176300	
0.780608892440795900	4.033126831054687500	1.012751579284668000	
0.790039539337158200	4.050762653350830100	1.004688620567321800	
0.809599161148071290	4.058589935302734400	1.006274819374084500	
0.808844268321990970	4.025140762329101600	1.002817273139953600	
0.809718489646911620	4.064147472381591800	1.004653930664062500	
0.792729556560516360	4.084866523742675800	1.001659631729126000	
0.778749287128448490	4.109285831451416000	1.005253195762634300	
0.776474297046661380	4.132942199707031300	1.002191066741943400	
0.771992027759552000	4.141354084014892600	0.996760785579681400	
0.779127836227416990	4.149762153625488300	1.005406260490417500	
0.776350855827331540	4.159951210021972700	0.986427903175354000	
0.784434258937835690	4.154310226440429700	0.991275608539581300	
0.781943559646606450	4.173123836517334000	1.003509640693664600	
0.786396980285644530	4.196779251098632800	1.006600141525268600	
0.781163156032562260	4.200324058532714800	1.021932244300842300	
0.773252606391906740	4.198450088500976600	1.021520256996154800	
0.774988472461700440	4.209028720855712900	1.024860620498657200	
0.772305309772491460	4.183465957641601600	1.025683164596557600	
0.769390225410461430	4.198496818542480500	1.027567863464355500	
0.767694592475891110	4.218348503112793000	1.038591384887695300	
0.772350370883941650	4.215588092803955100	1.044986128807067900	
0.757992386817932130	4.225158214569091800	1.041283130645752000	
0.750164091587066650	4.224379062652587900	1.049274086952209500	
0.744248747825622560	4.224269866943359400	1.050334334373474100	
0.747148275375366210	4.229293823242187500	1.053288817405700700	
0.742620825767517090	4.240056991577148400	1.050646185874939000	
0.742417216300964360	4.242554187774658200	1.058033823966980000	
0.742359220981597900	4.222741603851318400	1.055263757705688500	
0.740179419517517090	4.261029720306396500	1.049873828887939500	
0.737256288528442380	4.270860671997070300	1.051371693611145000	
0.740354120731353760	4.284281730651855500	1.044350028038024900	
0.745499789714813230	4.292037010192871100	1.039743661880493200	
0.743406414985656740	4.307123184204101600	1.043635129928588900	
0.741341769695281980	4.323685169219970700	1.054058909416198700	
0.738471031188964840	4.340816020965576200	1.061987876892089800	
0.741502046585083010	4.338803768157959000	1.049553036689758300	
0.743649959564208980	4.345043182373046900	1.040976047515869100	
0.739723324775695800	4.354246616363525400	1.036505699157714800	
0.745374977588653560	4.362360477447509800	1.032352805137634300	
0.741572499275207520	4.379207134246826200	1.032335162162780800	
0.746853590011596680	4.366497993469238300	1.029505133628845200	
0.743638575077056880	4.361882209777832000	1.013421416282653800	
0.741224348545074460	4.368971347808837900	1.019610762596130400	
0.743808746337890630	4.361596584320068400	1.017520189285278300	
0.741720259189605710	4.359405517578125000	1.024545907974243200	
0.746331453323364260	4.370492458343505900	1.028182387351989700	
0.742701768875122070	4.380968093872070300	1.027831196784973100	
0.741463422775268550	4.376788616180419900	1.036660194396972700	
0.747707247734069820	4.371325492858886700	1.029746890068054200	
0.749902606010437010	4.357499122619628900	1.025265097618103000	
0.747903823852539060	4.363650798797607400	1.034198760986328100	
0.747666239738464360	4.357214450836181600	1.028213739395141600	
0.745958447456359860	4.368154048919677700	1.031783699989318800	
0.745186865329742430	4.379306793212890600	1.026919722557067900	
0.743176698684692380	4.393254756927490200	1.033555269241333000	
0.744583427906036380	4.410799026489257800	1.038687705993652300	
0.743320763111114500	4.417646408081054700	1.035560727119445800	
0.743544280529022220	4.426118850708007800	1.035891175270080600	
0.740887939929962160	4.438816547393798800	1.033041954040527300	
0.735223591327667240	4.428998470306396500	1.030795216560363800];	

