/*
 ============================================================================
 Name        : sort.c
 Author      : Daniel Mårtensson
 Version     : 1.0
 Copyright   : MIT
 Description : Sort a matrix
 ============================================================================
 */

#include "CControl/ccontrol.h"

int main() {
	clock_t start, end;
	float cpu_time_used;
	start = clock();

	float A[4 * 6] = { 1.262565,   1.067358,  -2.716538,  -0.818984,  -0.745526,  -0.541102,
					0.413238,   0.923610,  -1.686731,  -0.542751,   1.217574,  -1.038054,
				   -0.822918,  -0.181148,   0.381538,  -0.195310,  -0.692809,  -1.072073,
					0.326243,  -0.267135,  -2.556454,  -0.667999,  -0.644878,   0.016818 };

	/* Index */
	size_t index[4*6];

	/*
	 * Sort A, row = 4, column = 6
	 */
	sort(A, index, 4, 6, SORT_MODE_ROW_DIRECTION_DESCEND);

	/* Print A */
	print(A, 4, 6);

	/* Print index */
	size_t i, j;
	for (i = 0; i < 4; i++) {
		for(j = 0; j < 6; j++) {
			printf("%i ", index[i*6 + j]);
		}
		printf("\n");
	}
	printf("\n");

	end = clock();
	cpu_time_used = ((float)(end - start)) / CLOCKS_PER_SEC;
	printf("\nTotal speed  was %f\n", cpu_time_used);


	return EXIT_SUCCESS;
}

/* GNU Octave code
 *
 *
 * >> A
A =

   1.262565   1.067358  -2.716538  -0.818984  -0.745526  -0.541102
   0.413238   0.923610  -1.686731  -0.542751   1.217574  -1.038054
  -0.822918  -0.181148   0.381538  -0.195310  -0.692809  -1.072073
   0.326243  -0.267135  -2.556454  -0.667999  -0.644878   0.016818

>> [B, index] = sort(A, 1, 'ascend') % SORT_MODE_ROW_DIRECTION_ASCEND
B =

  -0.822918  -0.267135  -2.716538  -0.818984  -0.745526  -1.072073
   0.326243  -0.181148  -2.556454  -0.667999  -0.692809  -1.038054
   0.413238   0.923610  -1.686731  -0.542751  -0.644878  -0.541102
   1.262565   1.067358   0.381538  -0.195310   1.217574   0.016818

index =

   3   4   1   1   1   3
   4   3   4   4   3   2
   2   2   2   2   4   1
   1   1   3   3   2   4

>> [B, index] = sort(A, 2, 'ascend') % SORT_MODE_COLUMN_DIRECTION_ASCEND
B =

  -2.716538  -0.818984  -0.745526  -0.541102   1.067358   1.262565
  -1.686731  -1.038054  -0.542751   0.413238   0.923610   1.217574
  -1.072073  -0.822918  -0.692809  -0.195310  -0.181148   0.381538
  -2.556454  -0.667999  -0.644878  -0.267135   0.016818   0.326243

index =

   3   4   5   6   2   1
   3   6   4   1   2   5
   6   1   5   4   2   3
   3   4   5   2   6   1

>> [B, index] = sort(A, 1, 'descend') % SORT_MODE_ROW_DIRECTION_DESCEND
B =

   1.262565   1.067358   0.381538  -0.195310   1.217574   0.016818
   0.413238   0.923610  -1.686731  -0.542751  -0.644878  -0.541102
   0.326243  -0.181148  -2.556454  -0.667999  -0.692809  -1.038054
  -0.822918  -0.267135  -2.716538  -0.818984  -0.745526  -1.072073

index =

   1   1   3   3   2   4
   2   2   2   2   4   1
   4   3   4   4   3   2
   3   4   1   1   1   3

>> [B, index] = sort(A, 2, 'descend') % SORT_MODE_COLUMN_DIRECTION_DESCEND
B =

   1.262565   1.067358  -0.541102  -0.745526  -0.818984  -2.716538
   1.217574   0.923610   0.413238  -0.542751  -1.038054  -1.686731
   0.381538  -0.181148  -0.195310  -0.692809  -0.822918  -1.072073
   0.326243   0.016818  -0.267135  -0.644878  -0.667999  -2.556454

index =

   1   2   6   5   4   3
   5   2   1   4   6   3
   3   2   4   5   1   6
   1   6   2   5   4   3

>>
 *
 */